7560136
13936881
2398585
6558583
9984897
2273902
3549006
7467642
7918974
13406624
5974366
10454471
1429208
2123449
1943459
13796121
6372166
10970978
2247904
7033458
5846506
1888784
2427900
11879566
4767128
6904247
3808707
345279
3020992
6023569
12624049
4741620
11438835
14422839
13122701
14762419
11441772
5588646
2411411
2174867
10683970
11046090
11806162
7324416
14596643
5872814
13632638
12004472
13291904
8177010
13036228
5626272
9785152
2829070
3821504
16144453
10923367
10799964
10112722
9339745
11329582
4765490
417044
4335903
4721153
5577520
10155560
3827651
10204875
9538927
11772407
11644143
872189
6797779
13693407
10989175
7958402
5022706
7495403
1150660
9146488
10690632
13098486
2003638
12995710
192108
3762788
14636544
7800384
13140020
9214733
10923367
10774746
7813615
1874984
1818742
6037438
11302956
2899272
12183856
13103545
5388834
8032632
3191102
6768259
825825
3709719
12200949
3687320
3530669
13451079
2316512
4008352
3603925
8123179
11797986
9417924
8288308
6054684
3383939
6540776
8298269
6119710
11468241
12705474
8340840
1009431
14452862
9310456
2469232
13767799
11634052
8465056
5640283
7188478
9051758
7672172
1951132
3239118
834088
9132345
6077260
4000606
3726982
1175372
12491253
2168124
12906989
2514053
1299932
10167066
13438686
7462773
9474807
7348542
11068694
13012090
3593987
1398032
7238577
11601574
12602028
4644058
10330706
1249404
6091928
692744
834088
4842251
12504202
12159591
14589237
11967192
15586738
11890424
9397458
12773416
3539462
4111402
842952
7883421
12434400
7705814
2119356
5862142
11921839
8640628
11334697
7265640
7775686
11936480
8591216
1062515
11443320
11318212
10774746
7045236
16609140
2665344
10782681
9154056
3141108
6509817
5957157
7843583
8650628
4306379
2309325
7142407
2393622
8462758
5855787
12171045
12273198
8849285
12341824
4677502
1531898
4225900
5968638
14428035
7723066
10369606
4035950
4148997
12117866
15616752
4304498
12436149
8216032
9252985
12039971
6089174
1258454
13549172
4725956
14787206
1782220
6274668
9161772
9329942
1813635
11614775
720941
1393832
7488127
4419750
3740026
13337112
11336809
1385595
1080855
11926856
11623248
5250938
9460347
10254606
7642520
1958391
5948483
624579
1622318
7052409
13963276
10778082
5053352
1258969
3375294
11975112
15100655
7899606
13797001
16080678
8878639
9949320
6257659
2762870
12040665
5147656
9265165
6273447
12140137
2092079
2077922
12965626
16454533
2261104
5724727
8065730
11252529
4075574
1843141
4734511
5291090
6653192
11743600
9816443
14104777
9287430
9564048
434346
13805867
906147
3648801
8564842
2442356
14112405
13852660
4013437
4850570
11452542
881902
573364
12015653
12622990
6412990
9564048
6018080
3869368
9950988
10943682
3471323
11223798
306813
5388640
8160644
5957394
11781236
3145634
939662
12471095
2018955
15447722
6492715
11493058
3566527
6379258
2502828
4671356
2528856
2684616
8179971
10506073
5432758
7055167
7555339
13144506
10497858
2094253
4711752
1220188
4973974
874087
6215998
15288382
13698321
4103152
1612242
12031383
4037910
5663568
7600659
8562522
12163321
869507
14293914
3809972
15267362
5259748
4228576
15756565
6077682
5807363
5248090
8327962
5073333
3501590
12740876
6649624
4828492
12169836
2119356
9843229
9811088
5939397
12854824
10221450
11785819
10396863
1747023
3650127
8290059
7482657
9573306
1136891
12445461
1337478
6077094
3355322
7762762
8063072
9299116
12316601
3878136
9118429
4608354
5741418
15093953
2092190
10043656
14299022
12319143
6242297
2139700
4538399
2839884
14174127
1853558
7736530
5978837
5540320
1411848
13427964
11948730
3366147
12574606
5636434
11601408
5997886
4644329
11188317
3868818
15121550
8337915
1333122
860070
3656034
1719480
13555724
4203971
12316556
4029780
10457433
5156016
2097588
12272292
5025646
11072704
6375532
8748818
4311010
7626092
7136982
8584041
12304522
13598665
11055928
13788684
3409380
8492879
9164536
13858860
7474032
8478113
14659392
2300046
2402429
13759769
1470120
10947900
5531070
14259612
9450144
4700878
8838401
7357955
13759958
7550043
2701192
3761444
4559808
10816305
4538832
13319220
9705220
12300024
14288396
835376
12780240
6734252
13276562
11523707
10091809
11936277
3771593
6708656
3912360
10495844
13142739
7954081
