10
1000000 2 20
11692 21481
1000000000 1000000000 1000000000 1000000000
24086 9948
1000000000 1000000000 1000000000 1000000000
1000000 2 20
1971 28030
1000000000 1000000000 1000000000 1000000000
23520 26809
1000000000 1000000000 1000000000 1000000000
1000000 2 20
6310 4144
1000000000 1000000000 1000000000 1000000000
7373 25350
1000000000 1000000000 1000000000 1000000000
1000000 2 20
4472 6196
1000000000 1000000000 1000000000 1000000000
32141 29237
1000000000 1000000000 1000000000 1000000000
1000000 2 20
31099 22857
1000000000 1000000000 1000000000 1000000000
11808 14499
1000000000 1000000000 1000000000 1000000000
1000000 2 20
24531 15934
1000000000 1000000000 1000000000 1000000000
3818 23090
1000000000 1000000000 1000000000 1000000000
1000000 2 20
16683 437
1000000000 1000000000 1000000000 1000000000
25609 6964
1000000000 1000000000 1000000000 1000000000
1000000 2 20
30119 25640
1000000000 1000000000 1000000000 1000000000
21222 26252
1000000000 1000000000 1000000000 1000000000
1000000 2 20
15129 809
1000000000 1000000000 1000000000 1000000000
24074 32527
1000000000 1000000000 1000000000 1000000000
1000000 2 20
12151 13806
1000000000 1000000000 1000000000 1000000000
21300 24625
1000000000 1000000000 1000000000 1000000000
