8
4
0 0
0 10000
10000 10000
10000 0
41
6334 8466
9168 6498
1477 5723
6960 9356
5705 4462
3279 8143
9961 6826
2995 491
4827 1941
2388 5436
3902 4603
292 153
7420 2381
9717 8715
5447 9894
4770 1724
1869 1537
5665 9911
7034 6297
8701 9894
1319 3809
7672 330
5140 4664
8251 7711
5545 6868
2659 7642
35 2754
8723 2858
7527 9741
2315 778
2188 3035
288 1842
9040 103
9263 8942
7444 2646
5889 3803
4368 6729
5005 5349
4391 1098
9628 3548
4082 2622
57
1839 8755
7376 4966
6306 3930
2436 6943
1322 4624
1536 5537
2082 6117
6540 2927
1112 4833
9656 4639
9930 2702
2306 3976
2384 1670
8743 5021
9071 6922
5829 6270
5572 6775
6511 5097
3289 3984
8635 9161
4765 2353
5573 3653
2051 4031
1150 7348
1722 6940
3430 3965
188 1104
1336 8006
2286 5456
382 7751
8909 4944
9758 2206
8587 4219
4944 6422
3029 7504
9166 6412
2588 900
1655 8761
6359 7409
535 7622
6483 1546
4041 7593
4348 3602
833 290
1019 9374
4019 4596
3197 7346
4482 9667
4734 8281
1999 53
7936 6416
3788 6900
467 8126
4892 3728
2481 4646
2421 7806
6617 4309
88
4308 9514
8934 7616
598 7450
6518 5249
2796 1553
6224 300
5844 1007
4988 2606
3195 2699
3093 483
520 4342
9312 1587
7448 9503
3457 5198
578 6618
4797 9795
9588 5280
8007 796
470 7155
8537 3620
6038 2291
8189 4177
7958 9655
9814 6191
9155 2886
6201 1510
4270 2634
326 53
6360 2644
8874 4886
9867 8431
3842 140
1879 1416
321 1995
20 8650
3557 5699
7890 8474
5075 4387
2600 711
1001 2510
7860 6867
3400 4687
5254 9789
5002 6422
4180 584
7086 284
8615 1423
9832 3755
4169 929
5719 2154
9975 7188
2368 1326
1423 8690
3434 554
7441 6548
142 9512
1716 8059
6138 3753
6278 2422
6686 5994
2547 2528
9865 7436
193 2948
3297 3193
8284 414
4486 6104
2454 6281
8113 5732
1313 1700
5786 669
4313 2262
1182 4353
912 51
1832 807
4313 943
8319 7754
3644 9557
481 7980
3194 4144
7129 220
5535 2161
1172 448
2043 465
6290 1657
7252 6437
6152 22
4745 9508
3185 647
31
8020 4474
4017 2168
9905 8786
7391 7957
3625 201
4414 6475
5822 9314
5872 9332
157 4370
8068 1832
8295 7487
8177 7518
2267 7772
2668 1763
3984 7191
8480 3102
7627 9211
4099 4802
2625 524
1924 1543
9970 1022
4180 3060
7430 1000
7591 7504
3030 2723
142 8492
1283 7221
7900 3063
8360 9186
971 2411
9168 4269
33
9710 830
8895 5758
7285 4667
140 2549
2695 3693
8017 1622
6574 2125
2656 1692
7370 6300
4678 2464
3849 2591
1018 5482
1117 8462
2800 3150
1057 8086
9010 1926
2167 4757
9576 313
2042 224
7164 2756
7882 5109
9563 7085
9575 3487
2625 4473
5629 5625
5421 1925
6902 8518
123 4961
3737 4594
194 3260
1264 2522
6202 8260
5030 8116
25
768 9009
5545 6411
1518 1151
4923 9788
1761 185
849 4940
3828 8661
7712 897
7577 8957
3006 8365
1200 1476
6439 6056
2759 2303
2324 9356
5108 6477
4886 1111
2848 9800
2426 4459
7382 2992
6540 9404
8702 1108
2353 2834
9348 6072
4484 8822
3214 554
10
8526 9357
9335 3356
3867 3269
2895 9359
9615 3021
2716 111
1584 8695
4421 4039
4227 4127
6559 4565